Radius Statistics:
  ID: camera0
  Mean: 10.301408000000002
  Median: 10.30595
  Variance: 0.0347569918269091
  Size: 1650
  ZscoreMean: 10.298565291262138
  ZscoreVariance: 0.028119277666662747
  ZscoreSize: 1648

