image_width: 3840
image_height: 2160

camera_matrix:
  rows: 3
  cols: 3
  data: [2292.991706, 0.000000, 1907.952064, 0.000000, 2292.022166, 1143.737530, 0.000000, 0.000000, 1.000000]

distortion_coefficients:
  rows: 1
  cols: 5
  data: [-0.080634, 0.032041, 0.006835, 0.000915, 0.000000]

rectification_matrix:
  rows: 3
  cols: 3
  data: [1.0, 0.0, 0.0, 0.0, 1.0, 0.0, 0.0, 0.0, 1.0]

projection_matrix:
  rows: 3
  cols: 4
  data: [2198.308764, 0.0, 1912.542624, 0.0, 0.0, 2249.695054, 1156.883002, 0.0, 0.0, 0.0, 1.0, 0.0]
