image_width: 3840
image_height: 2160

camera_matrix:
  rows: 3
  cols: 3
  data: [2297.690708, 0.000000, 1974.297454, 0.000000, 2273.936552, 1047.443252, 0.000000, 0.000000, 1.000000]

distortion_coefficients:
  rows: 1
  cols: 5
  data: [-0.095870, 0.038556, 0.007781, 0.001609, 0.000000]

rectification_matrix:
  rows: 3
  cols: 3
  data: [1.0, 0.0, 0.0, 0.0, 1.0, 0.0, 0.0, 0.0, 1.0]

projection_matrix:
  rows: 3
  cols: 4
  data: [2183.856116, 0.0, 1986.509312, 0.0, 0.0, 2228.256030, 1059.159296, 0.0, 0.0, 0.0, 1.0, 0.0]
