image_width: 3840
image_height: 2160

camera_matrix:
  rows: 3
  cols: 3
  data: [2290.512606, 0.000000, 1923.229236, 0.000000, 2283.316632, 1028.981542, 0.000000, 0.000000, 1.000000]

distortion_coefficients:
  rows: 1
  cols: 5
  data: [-0.079821, 0.027860, -0.002763, -0.00027, 0.000000]

rectification_matrix:
  rows: 3
  cols: 3
  data: [1.0, 0.0, 0.0, 0.0, 1.0, 0.0, 0.0, 0.0, 1.0]

projection_matrix:
  rows: 3
  cols: 4
  data: [2188.070578, 0.0, 1923.337856, 0.0, 0.0, 2243.360812, 1022.851378, 0.0, 0.0, 0.0, 1.0, 0.0]
