%YAML:1.0
---
HomographyMatrix: !!opencv-matrix
   rows: 3
   cols: 3
   dt: d
   data: [ 0.0025114597024372817, -3.195729501621591e-05,
       -0.22490668215892753, -0.00026652279783632066,
       0.0021262092474031817, 5.7031662485730719,
       -1.7899603874553714e-05, -6.7773379895671402e-05, 1. ]
