%YAML:1.0
---
HomographyMatrix: !!opencv-matrix
   rows: 3
   cols: 3
   dt: d
   data: [ 0.0026060042381347067, -9.1207942436648533e-05,
       -0.15536247344886558, -5.0864746878330103e-05,
       0.0023130295545819722, 3.6767532672359962, 2.4735214846553694e-06,
       -5.4623815681116863e-05, 1. ]
