%YAML:1.0
---
HomographyMatrix: !!opencv-matrix
   rows: 3
   cols: 3
   dt: d
   data: [ 0.0029654773789404526, 0.00032247780948337144,
       -0.56851938350300524, -3.8576673224255638e-05,
       0.0031381752205726396, 1.4545536913166284, 3.2340397523436605e-05,
       8.6690303724977892e-05, 1. ]
