%YAML:1.0
---
HomographyMatrix: !!opencv-matrix
   rows: 3
   cols: 3
   dt: d
   data: [ 0.0028020834971718583, 0.00024503848202403033,
       -0.43006274309315473, -4.9900545493660686e-05,
       0.0029185167008404615, -0.43446668705637109,
       -3.9585599998484618e-06, 9.4941727440493365e-05, 1. ]
