image_width: 3840
image_height: 2160

camera_matrix:
  rows: 3
  cols: 3
  data: [2270.416948, 0.000000, 1997.865610, 0.000000, 2267.062650, 1060.169248, 0.000000, 0.000000, 1.000000]

distortion_coefficients:
  rows: 1
  cols: 5
  data: [-0.073165, 0.025731, 0.006159, 0.007375, 0.000000]

rectification_matrix:
  rows: 3
  cols: 3
  data: [1.0, 0.0, 0.0, 0.0, 1.0, 0.0, 0.0, 0.0, 1.0]

projection_matrix:
  rows: 3
  cols: 4
  data: [2173.154874, 0.0, 2043.882904, 0.0, 0.0, 2270.755876, 1067.191040, 0.0, 0.0, 0.0, 1.0, 0.0]
